0.0 0.12523484230041504 -0.25 1.0 0.0 0.0 0.0
0.0 0.12523484230041504 -0.25 0.9961947202682495 0.0 -0.08715573698282242 0.0
0.0 0.12523484230041504 -0.25 0.9848077893257141 0.0 -0.1736481636762619 0.0
0.0 0.12523484230041504 -0.25 0.9659258723258972 0.0 -0.258819043636322 0.0
0.0 0.12523484230041504 -0.25 0.9396926760673523 0.0 -0.3420201539993286 0.0
0.0 0.12523484230041504 -0.25 0.9063078761100769 0.0 -0.4226182699203491 0.0
0.0 0.12523484230041504 -0.25 0.8660253882408142 0.0 -0.4999999403953552 0.0
0.0 0.12523484230041504 -0.25 0.8191521167755127 0.0 -0.5735764503479004 0.0
0.0 0.12523484230041504 -0.25 0.7660444378852844 0.0 -0.6427875757217407 0.0
0.0 0.12523484230041504 -0.25 0.7071068286895752 0.0 -0.7071068286895752 0.0
0.0 0.12523484230041504 -0.25 0.6427876353263855 0.0 -0.7660443782806396 0.0
0.0 0.12523484230041504 -0.25 0.5735764503479004 0.0 -0.8191519975662231 0.0
0.0 0.12523484230041504 -0.25 0.5000000596046448 0.0 -0.8660253882408142 0.0
0.0 0.12523484230041504 -0.25 0.4226183295249939 0.0 -0.9063077569007874 0.0
0.0 0.12523484230041504 -0.25 0.3420202136039734 0.0 -0.9396926164627075 0.0
0.0 0.12523484230041504 -0.25 0.2588191032409668 0.0 -0.9659258127212524 0.0
0.0 0.12523484230041504 -0.25 0.17364826798439026 0.0 -0.9848077893257141 0.0
0.0 0.12523484230041504 -0.25 0.08715583384037018 0.0 -0.9961946606636047 0.0
0.0 0.12523484230041504 -0.25 9.685754776000977e-08 0.0 -1.0 0.0
0.0 0.12523484230041504 -0.25 -0.08715564012527466 0.0 -0.9961947202682495 0.0
0.0 0.12523484230041504 -0.25 -0.17364805936813354 0.0 -0.9848077893257141 0.0
0.0 0.12523484230041504 -0.25 -0.25881892442703247 0.0 -0.9659258723258972 0.0
0.0 0.12523484230041504 -0.25 -0.34202003479003906 0.0 -0.9396926760673523 0.0
0.0 0.12523484230041504 -0.25 -0.42261818051338196 0.0 -0.9063078761100769 0.0
0.0 0.12523484230041504 -0.25 -0.49999991059303284 0.0 -0.8660255074501038 0.0
0.0 0.12523484230041504 -0.25 -0.5735763311386108 0.0 -0.8191521763801575 0.0
0.0 0.12523484230041504 -0.25 -0.642787516117096 0.0 -0.7660446166992188 0.0
0.0 0.12523484230041504 -0.25 -0.7071067094802856 0.0 -0.7071069478988647 0.0
0.0 0.12523484230041504 -0.25 -0.7660442590713501 0.0 -0.642787754535675 0.0
0.0 0.12523484230041504 -0.25 -0.8191519379615784 0.0 -0.5735766887664795 0.0
0.0 0.12523484230041504 -0.25 -0.8660252094268799 0.0 -0.5000002384185791 0.0
0.0 0.12523484230041504 -0.25 -0.9063076376914978 0.0 -0.4226185381412506 0.0
0.0 0.12523484230041504 -0.25 -0.9396925568580627 0.0 -0.3420204520225525 0.0
0.0 0.12523484230041504 -0.25 -0.9659258127212524 0.0 -0.2588193416595459 0.0
0.0 0.12523484230041504 -0.25 -0.9848077893257141 0.0 -0.17364849150180817 0.0
0.0 0.12523484230041504 -0.25 -0.9961946606636047 0.0 -0.08715605735778809 0.0
0.0 0.12523484230041504 -0.25 -1.0 0.0 -3.203749656677246e-07 0.0
0.0 0.12523484230041504 -0.25 -0.9961947202682495 0.0 0.08715541660785675 0.0
0.0 0.12523484230041504 -0.25 -0.9848078489303589 0.0 0.17364785075187683 0.0
0.0 0.12523484230041504 -0.25 -0.9659259915351868 0.0 0.25881874561309814 0.0
0.0 0.12523484230041504 -0.25 -0.9396927952766418 0.0 0.34201985597610474 0.0
0.16069680452346802 0.12523484230041504 -0.44151121377944946 -0.9396927952766418 0.0 0.34201985597610474 0.0
0.32139360904693604 0.12523484230041504 -0.6330224275588989 -0.9396927952766418 0.0 0.34201985597610474 0.0
0.32139360904693604 0.12523484230041504 -0.6330224275588989 -0.9063078761100769 0.0 0.42261794209480286 0.0
0.32139360904693604 0.12523484230041504 -0.6330224275588989 -0.8660255670547485 0.0 0.4999997019767761 0.0
0.5378998517990112 0.12523484230041504 -0.7580225467681885 -0.8660255670547485 0.0 0.4999997019767761 0.0
0.7544060945510864 0.12523484230041504 -0.883022665977478 -0.8660255670547485 0.0 0.4999997019767761 0.0
0.9709123373031616 0.12523484230041504 -1.0080227851867676 -0.8660255670547485 0.0 0.4999997019767761 0.0
1.1874185800552368 0.12523484230041504 -1.1330229043960571 -0.8660255670547485 0.0 0.4999997019767761 0.0
1.403924822807312 0.12523484230041504 -1.2580230236053467 -0.8660255670547485 0.0 0.4999997019767761 0.0
1.6204310655593872 0.12523484230041504 -1.3830231428146362 -0.8660255670547485 0.0 0.4999997019767761 0.0
1.8369373083114624 0.12523484230041504 -1.5080232620239258 -0.8660255670547485 0.0 0.4999997019767761 0.0
2.053443670272827 0.12523484230041504 -1.6330233812332153 -0.8660255670547485 0.0 0.4999997019767761 0.0
2.053443670272827 0.12523484230041504 -1.6330233812332153 -0.9063079357147217 0.0 0.42261797189712524 0.0
2.053443670272827 0.12523484230041504 -1.6330233812332153 -0.9396927356719971 0.0 0.34201985597610474 0.0
2.053443670272827 0.12523484230041504 -1.6330233812332153 -0.965925931930542 0.0 0.25881877541542053 0.0
2.053443670272827 0.12523484230041504 -1.6330233812332153 -0.9848078489303589 0.0 0.1736479103565216 0.0
2.053443670272827 0.12523484230041504 -1.6330233812332153 -0.9961947798728943 0.0 0.08715547621250153 0.0
2.053443670272827 0.12523484230041504 -1.6330233812332153 -1.0 0.0 -2.6077029247062455e-07 0.0
2.053443670272827 0.12523484230041504 -1.6330233812332153 -0.9961947202682495 0.0 -0.08715599775314331 0.0
2.053443670272827 0.12523484230041504 -1.6330233812332153 -0.9848077893257141 0.0 -0.1736484169960022 0.0
2.053443670272827 0.12523484230041504 -1.6330233812332153 -0.9659257531166077 0.0 -0.25881925225257874 0.0
2.053443670272827 0.12523484230041504 -1.6330233812332153 -0.9396925568580627 0.0 -0.34202033281326294 0.0
2.053443670272827 0.12523484230041504 -1.6330233812332153 -0.9063076972961426 0.0 -0.42261844873428345 0.0
2.053443670272827 0.12523484230041504 -1.6330233812332153 -0.8660253286361694 0.0 -0.5000001788139343 0.0
2.053443670272827 0.12523484230041504 -1.6330233812332153 -0.8191519379615784 0.0 -0.5735766291618347 0.0
2.053443670272827 0.12523484230041504 -1.6330233812332153 -0.7660442590713501 0.0 -0.642787754535675 0.0
2.053443670272827 0.12523484230041504 -1.6330233812332153 -0.7071066498756409 0.0 -0.7071069478988647 0.0
2.053443670272827 0.12523484230041504 -1.6330233812332153 -0.642787516117096 0.0 -0.7660446166992188 0.0
2.053443670272827 0.12523484230041504 -1.6330233812332153 -0.5735762715339661 0.0 -0.8191521167755127 0.0
2.053443670272827 0.12523484230041504 -1.6330233812332153 -0.49999988079071045 0.0 -0.8660255074501038 0.0
2.053443670272827 0.12523484230041504 -1.6330233812332153 -0.42261815071105957 0.0 -0.9063078761100769 0.0
2.053443670272827 0.12523484230041504 -1.6330233812332153 -0.34202003479003906 0.0 -0.9396926760673523 0.0
2.053443670272827 0.12523484230041504 -1.6330233812332153 -0.25881895422935486 0.0 -0.9659258723258972 0.0
2.053443670272827 0.12523484230041504 -1.6330233812332153 -0.17364808917045593 0.0 -0.9848077893257141 0.0
2.053443670272827 0.12523484230041504 -1.6330233812332153 -0.08715566247701645 0.0 -0.9961947798728943 0.0
2.053443670272827 0.12523484230041504 -1.6330233812332153 8.195637946073475e-08 0.0 -1.0 0.0
2.053443670272827 0.12523484230041504 -1.6330233812332153 0.08715581893920898 0.0 -0.9961947202682495 0.0
2.053443670272827 0.12523484230041504 -1.6330233812332153 0.17364823818206787 0.0 -0.9848077893257141 0.0
2.053443670272827 0.12523484230041504 -1.6330233812332153 0.2588191032409668 0.0 -0.9659258723258972 0.0
2.053443670272827 0.12523484230041504 -1.6330233812332153 0.3420202136039734 0.0 -0.9396926760673523 0.0
2.053443670272827 0.12523484230041504 -1.6330233812332153 0.4226182699203491 0.0 -0.9063077569007874 0.0
2.053443670272827 0.12523484230041504 -1.6330233812332153 0.5 0.0 -0.866025447845459 0.0
2.053443670272827 0.12523484230041504 -1.6330233812332153 0.5735764503479004 0.0 -0.8191521167755127 0.0
2.2883667945861816 0.12523484230041504 -1.547518253326416 0.5735764503479004 0.0 -0.8191521167755127 0.0
2.523289918899536 0.12523484230041504 -1.4620131254196167 0.5735764503479004 0.0 -0.8191521167755127 0.0
2.7582130432128906 0.12523484230041504 -1.3765079975128174 0.5735764503479004 0.0 -0.8191521167755127 0.0
2.993136167526245 0.12523484230041504 -1.291002869606018 0.5735764503479004 0.0 -0.8191521167755127 0.0
3.2280592918395996 0.12523484230041504 -1.2054977416992188 0.5735764503479004 0.0 -0.8191521167755127 0.0
3.462982416152954 0.12523484230041504 -1.1199926137924194 0.5735764503479004 0.0 -0.8191521167755127 0.0
3.462982416152954 0.12523484230041504 -1.1199926137924194 0.5 0.0 -0.8660253882408142 0.0
3.462982416152954 0.12523484230041504 -1.1199926137924194 0.4226182997226715 0.0 -0.9063078165054321 0.0
3.462982416152954 0.12523484230041504 -1.1199926137924194 0.342020183801651 0.0 -0.9396926164627075 0.0
3.462982416152954 0.12523484230041504 -1.1199926137924194 0.2588190734386444 0.0 -0.9659258127212524 0.0
3.462982416152954 0.12523484230041504 -1.1199926137924194 0.17364823818206787 0.0 -0.9848077893257141 0.0
3.548487424850464 0.12523484230041504 -0.8850694298744202 0.17364823818206787 0.0 -0.9848077893257141 0.0
3.6339924335479736 0.12523484230041504 -0.6501462459564209 0.17364823818206787 0.0 -0.9848077893257141 0.0
3.7194974422454834 0.12523484230041504 -0.41522306203842163 0.17364823818206787 0.0 -0.9848077893257141 0.0
3.805002450942993 0.12523484230041504 -0.18029987812042236 0.17364823818206787 0.0 -0.9848077893257141 0.0
3.890507459640503 0.12523484230041504 0.054623305797576904 0.17364823818206787 0.0 -0.9848077893257141 0.0
3.890507459640503 0.12523484230041504 0.054623305797576904 0.08715580403804779 0.0 -0.9961946606636047 0.0
3.890507459640503 0.12523484230041504 0.054623305797576904 6.705522537231445e-08 0.0 -1.0 0.0
3.890507459640503 0.12523484230041504 0.054623305797576904 -0.08715566992759705 0.0 -0.9961947202682495 0.0
3.890507459640503 0.12523484230041504 0.054623305797576904 -0.17364808917045593 0.0 -0.9848077893257141 0.0
3.890507459640503 0.12523484230041504 0.054623305797576904 -0.25881895422935486 0.0 -0.9659258723258972 0.0
3.890507459640503 0.12523484230041504 0.054623305797576904 -0.34202006459236145 0.0 -0.9396926760673523 0.0
3.890507459640503 0.12523484230041504 0.054623305797576904 -0.42261821031570435 0.0 -0.9063078761100769 0.0
3.890507459640503 0.12523484230041504 0.054623305797576904 -0.4999999403953552 0.0 -0.8660255074501038 0.0
3.890507459640503 0.12523484230041504 0.054623305797576904 -0.5735763311386108 0.0 -0.8191520571708679 0.0
3.890507459640503 0.12523484230041504 0.054623305797576904 -0.642787516117096 0.0 -0.7660444974899292 0.0
3.890507459640503 0.12523484230041504 0.054623305797576904 -0.7071067094802856 0.0 -0.7071068286895752 0.0
3.890507459640503 0.12523484230041504 0.054623305797576904 -0.7660443782806396 0.0 -0.6427876949310303 0.0
3.890507459640503 0.12523484230041504 0.054623305797576904 -0.8191519975662231 0.0 -0.5735765695571899 0.0
3.890507459640503 0.12523484230041504 0.054623305797576904 -0.8660252690315247 0.0 -0.5000001192092896 0.0
3.890507459640503 0.12523484230041504 0.054623305797576904 -0.9063076972961426 0.0 -0.42261841893196106 0.0
3.890507459640503 0.12523484230041504 0.054623305797576904 -0.9396926164627075 0.0 -0.34202030301094055 0.0
3.890507459640503 0.12523484230041504 0.054623305797576904 -0.9659258723258972 0.0 -0.25881919264793396 0.0
3.890507459640503 0.12523484230041504 0.054623305797576904 -0.9848077893257141 0.0 -0.17364832758903503 0.0
3.890507459640503 0.12523484230041504 0.054623305797576904 -0.9961946606636047 0.0 -0.08715589344501495 0.0
3.890507459640503 0.12523484230041504 0.054623305797576904 -1.0 0.0 -1.564621925354004e-07 0.0
3.890507459640503 0.12523484230041504 0.054623305797576904 -0.9961947202682495 0.0 0.08715558052062988 0.0
3.890507459640503 0.12523484230041504 0.054623305797576904 -0.9848077893257141 0.0 0.17364801466464996 0.0
3.890507459640503 0.12523484230041504 0.054623305797576904 -0.965925931930542 0.0 0.2588188946247101 0.0
3.890507459640503 0.12523484230041504 0.054623305797576904 -0.9396927356719971 0.0 0.3420200049877167 0.0
3.890507459640503 0.12523484230041504 0.054623305797576904 -0.9063078165054321 0.0 0.4226180911064148 0.0
3.890507459640503 0.12523484230041504 0.054623305797576904 -0.8660255074501038 0.0 0.49999985098838806 0.0
3.890507459640503 0.12523484230041504 0.054623305797576904 -0.8191521763801575 0.0 0.5735763311386108 0.0
3.890507459640503 0.12523484230041504 0.054623305797576904 -0.7660446166992188 0.0 0.642787516117096 0.0
3.890507459640503 0.12523484230041504 0.054623305797576904 -0.7071069478988647 0.0 0.7071067094802856 0.0
3.890507459640503 0.12523484230041504 0.054623305797576904 -0.642787754535675 0.0 0.7660442590713501 0.0
3.890507459640503 0.12523484230041504 0.054623305797576904 -0.5735766887664795 0.0 0.8191519379615784 0.0
3.890507459640503 0.12523484230041504 0.054623305797576904 -0.5000002384185791 0.0 0.8660252094268799 0.0
3.890507459640503 0.12523484230041504 0.054623305797576904 -0.4226185381412506 0.0 0.9063076376914978 0.0
3.890507459640503 0.12523484230041504 0.054623305797576904 -0.3420204520225525 0.0 0.9396925568580627 0.0
3.890507459640503 0.12523484230041504 0.054623305797576904 -0.2588193416595459 0.0 0.9659258127212524 0.0
3.890507459640503 0.12523484230041504 0.054623305797576904 -0.17364849150180817 0.0 0.9848077893257141 0.0
3.890507459640503 0.12523484230041504 0.054623305797576904 -0.08715605735778809 0.0 0.9961946606636047 0.0
3.890507459640503 0.12523484230041504 0.054623305797576904 -3.203749656677246e-07 0.0 1.0 0.0
3.890507459640503 0.12523484230041504 0.054623305797576904 0.08715541660785675 0.0 0.9961947202682495 0.0
3.847095489501953 0.12523484230041504 0.3008252680301666 0.08715541660785675 0.0 0.9961947202682495 0.0
3.8036835193634033 0.12523484230041504 0.5470272302627563 0.08715541660785675 0.0 0.9961947202682495 0.0
3.7602715492248535 0.12523484230041504 0.7932292222976685 0.08715541660785675 0.0 0.9961947202682495 0.0
3.7168595790863037 0.12523484230041504 1.0394312143325806 0.08715541660785675 0.0 0.9961947202682495 0.0
3.673447608947754 0.12523484230041504 1.2856332063674927 0.08715541660785675 0.0 0.9961947202682495 0.0
3.630035638809204 0.12523484230041504 1.5318351984024048 0.08715541660785675 0.0 0.9961947202682495 0.0
3.5866236686706543 0.12523484230041504 1.778037190437317 0.08715541660785675 0.0 0.9961947202682495 0.0
3.5161709785461426 0.12523484230041504 1.9701576232910156 0.08715541660785675 0.0 0.9961947202682495 0.0
3.4727590084075928 0.12523484230041504 2.2163596153259277 0.08715541660785675 0.0 0.9961947202682495 0.0
3.429347038269043 0.12523484230041504 2.46256160736084 0.08715541660785675 0.0 0.9961947202682495 0.0
3.429347038269043 0.12523484230041504 2.46256160736084 0.17364785075187683 0.0 0.9848078489303589 0.0
3.429347038269043 0.12523484230041504 2.46256160736084 0.25881874561309814 0.0 0.9659259915351868 0.0
3.429347038269043 0.12523484230041504 2.46256160736084 0.34201985597610474 0.0 0.9396927952766418 0.0
3.429347038269043 0.12523484230041504 2.46256160736084 0.42261794209480286 0.0 0.9063078761100769 0.0
3.429347038269043 0.12523484230041504 2.46256160736084 0.4999997019767761 0.0 0.8660255670547485 0.0
3.429347038269043 0.12523484230041504 2.46256160736084 0.5735761523246765 0.0 0.8191522359848022 0.0
3.429347038269043 0.12523484230041504 2.46256160736084 0.6427873373031616 0.0 0.7660446763038635 0.0
3.429347038269043 0.12523484230041504 2.46256160736084 0.7071065306663513 0.0 0.7071070671081543 0.0
3.429347038269043 0.12523484230041504 2.46256160736084 0.7660442590713501 0.0 0.6427879333496094 0.0
3.429347038269043 0.12523484230041504 2.46256160736084 0.8191518783569336 0.0 0.573576807975769 0.0
3.429347038269043 0.12523484230041504 2.46256160736084 0.8660252094268799 0.0 0.5000003576278687 0.0
3.429347038269043 0.12523484230041504 2.46256160736084 0.9063076376914978 0.0 0.42261865735054016 0.0
3.429347038269043 0.12523484230041504 2.46256160736084 0.9396924376487732 0.0 0.34202054142951965 0.0
3.429347038269043 0.12523484230041504 2.46256160736084 0.9659257531166077 0.0 0.25881949067115784 0.0
3.429347038269043 0.12523484230041504 2.46256160736084 0.9848077297210693 0.0 0.1736486405134201 0.0
3.429347038269043 0.12523484230041504 2.46256160736084 0.9961947202682495 0.0 0.08715622127056122 0.0
3.429347038269043 0.12523484230041504 2.46256160736084 1.0 0.0 4.8428768195663e-07 0.0
3.429347038269043 0.12523484230041504 2.46256160736084 0.9961947798728943 0.0 -0.08715525269508362 0.0
3.429347038269043 0.12523484230041504 2.46256160736084 0.9848079085350037 0.0 -0.1736477017402649 0.0
3.429347038269043 0.12523484230041504 2.46256160736084 0.965925931930542 0.0 -0.25881853699684143 0.0
3.429347038269043 0.12523484230041504 2.46256160736084 0.9396927952766418 0.0 -0.342019647359848 0.0
3.429347038269043 0.12523484230041504 2.46256160736084 0.9063079953193665 0.0 -0.4226177930831909 0.0
3.429347038269043 0.12523484230041504 2.46256160736084 0.8660256862640381 0.0 -0.4999995529651642 0.0
3.429347038269043 0.12523484230041504 2.46256160736084 0.8191523551940918 0.0 -0.573576033115387 0.0
3.429347038269043 0.12523484230041504 2.46256160736084 0.7660447359085083 0.0 -0.6427872180938721 0.0
3.429347038269043 0.12523484230041504 2.46256160736084 0.7071071863174438 0.0 -0.7071064710617065 0.0
3.429347038269043 0.12523484230041504 2.46256160736084 0.6427879929542542 0.0 -0.7660440802574158 0.0
3.429347038269043 0.12523484230041504 2.46256160736084 0.5735769271850586 0.0 -0.819151759147644 0.0
3.429347038269043 0.12523484230041504 2.46256160736084 0.5000004768371582 0.0 -0.8660250902175903 0.0
3.429347038269043 0.12523484230041504 2.46256160736084 0.4226188063621521 0.0 -0.906307578086853 0.0
3.429347038269043 0.12523484230041504 2.46256160736084 0.3420206904411316 0.0 -0.939692497253418 0.0
3.429347038269043 0.12523484230041504 2.46256160736084 0.2588196098804474 0.0 -0.9659257531166077 0.0
3.429347038269043 0.12523484230041504 2.46256160736084 0.17364875972270966 0.0 -0.9848077297210693 0.0
3.429347038269043 0.12523484230041504 2.46256160736084 0.08715633302927017 0.0 -0.9961946606636047 0.0
3.429347038269043 0.12523484230041504 2.46256160736084 5.960464477539062e-07 0.0 -1.0 0.0
3.429347276687622 0.12523484230041504 2.71256160736084 5.960464477539062e-07 0.0 -1.0 0.0
3.429347515106201 0.12523484230041504 2.96256160736084 5.960464477539062e-07 0.0 -1.0 0.0
3.4293477535247803 0.12523484230041504 3.21256160736084 5.960464477539062e-07 0.0 -1.0 0.0
3.4293479919433594 0.12523484230041504 3.46256160736084 5.960464477539062e-07 0.0 -1.0 0.0
3.4293479919433594 0.12523484230041504 3.46256160736084 0.08715633302927017 0.0 -0.9961946606636047 0.0
3.4293479919433594 0.12523484230041504 3.46256160736084 0.17364875972270966 0.0 -0.9848076701164246 0.0
3.4293479919433594 0.12523484230041504 3.46256160736084 0.2588196098804474 0.0 -0.9659256935119629 0.0
3.4293479919433594 0.12523484230041504 3.46256160736084 0.3420206904411316 0.0 -0.9396924376487732 0.0
3.4293479919433594 0.12523484230041504 3.46256160736084 0.4226187765598297 0.0 -0.906307578086853 0.0
3.4293479919433594 0.12523484230041504 3.46256160736084 0.5000004768371582 0.0 -0.8660252094268799 0.0
3.4293479919433594 0.12523484230041504 3.46256160736084 0.5735768675804138 0.0 -0.8191516995429993 0.0
3.4293479919433594 0.12523484230041504 3.46256160736084 0.6427880525588989 0.0 -0.7660440802574158 0.0
3.6755499839782715 0.12523484230041504 3.5059733390808105 0.6427880525588989 0.0 -0.7660440802574158 0.0
3.9217519760131836 0.12523484230041504 3.5493850708007812 0.6427880525588989 0.0 -0.7660440802574158 0.0
4.167953968048096 0.12523484230041504 3.592796802520752 0.6427880525588989 0.0 -0.7660440802574158 0.0
4.414155960083008 0.12523484230041504 3.6362085342407227 0.6427880525588989 0.0 -0.7660440802574158 0.0
4.414155960083008 0.12523484230041504 3.6362085342407227 0.7071071863174438 0.0 -0.7071064114570618 0.0
4.414155960083008 0.12523484230041504 3.6362085342407227 0.7660448551177979 0.0 -0.6427872180938721 0.0
4.414155960083008 0.12523484230041504 3.6362085342407227 0.8191524147987366 0.0 -0.573576033115387 0.0
4.414155960083008 0.12523484230041504 3.6362085342407227 0.8660256266593933 0.0 -0.4999995231628418 0.0
4.414155960083008 0.12523484230041504 3.6362085342407227 0.9063079953193665 0.0 -0.4226177930831909 0.0
4.414155960083008 0.12523484230041504 3.6362085342407227 0.9396927952766418 0.0 -0.3420196771621704 0.0
4.414155960083008 0.12523484230041504 3.6362085342407227 0.9063079953193665 0.0 -0.4226178228855133 0.0
4.6056671142578125 0.12523484230041504 3.4755115509033203 0.9063079953193665 0.0 -0.4226178228855133 0.0
4.6056671142578125 0.12523484230041504 3.4755115509033203 0.9396927952766418 0.0 -0.3420196771621704 0.0
4.6056671142578125 0.12523484230041504 3.4755115509033203 0.9659259915351868 0.0 -0.2588185966014862 0.0
4.6056671142578125 0.12523484230041504 3.4755115509033203 0.9848078489303589 0.0 -0.17364773154258728 0.0
4.6056671142578125 0.12523484230041504 3.4755115509033203 0.9961947798728943 0.0 -0.0871552973985672 0.0
4.6056671142578125 0.12523484230041504 3.4755115509033203 1.0 0.0 4.39584198375087e-07 0.0
4.6056671142578125 0.12523484230041504 3.4755115509033203 0.9961946606636047 0.0 0.08715617656707764 0.0
4.6056671142578125 0.12523484230041504 3.4755115509033203 0.9848077297210693 0.0 0.17364859580993652 0.0
4.6056671142578125 0.12523484230041504 3.4755115509033203 0.9659256935119629 0.0 0.25881943106651306 0.0
4.6056671142578125 0.12523484230041504 3.4755115509033203 0.939692497253418 0.0 0.34202054142951965 0.0
4.6056671142578125 0.12523484230041504 3.4755115509033203 0.9063076376914978 0.0 0.4226186275482178 0.0
4.6056671142578125 0.12523484230041504 3.4755115509033203 0.8660252690315247 0.0 0.5000003576278687 0.0
4.6056671142578125 0.12523484230041504 3.4755115509033203 0.8191518783569336 0.0 0.573576807975769 0.0
4.6056671142578125 0.12523484230041504 3.4755115509033203 0.7660441398620605 0.0 0.6427879333496094 0.0
4.6056671142578125 0.12523484230041504 3.4755115509033203 0.7071064710617065 0.0 0.7071070671081543 0.0
4.6056671142578125 0.12523484230041504 3.4755115509033203 0.6427872776985168 0.0 0.7660447359085083 0.0
4.3594651222229 0.12523484230041504 3.518923759460449 0.6427872776985168 0.0 0.7660447359085083 0.0
4.113263130187988 0.12523484230041504 3.562335968017578 0.6427872776985168 0.0 0.7660447359085083 0.0
3.867061138153076 0.12523484230041504 3.605748176574707 0.6427872776985168 0.0 0.7660447359085083 0.0
3.620859146118164 0.12523484230041504 3.649160385131836 0.6427872776985168 0.0 0.7660447359085083 0.0
3.374657154083252 0.12523484230041504 3.692572593688965 0.6427872776985168 0.0 0.7660447359085083 0.0
3.12845516204834 0.12523484230041504 3.7359848022460938 0.6427872776985168 0.0 0.7660447359085083 0.0
3.12845516204834 0.12523484230041504 3.7359848022460938 0.5735760927200317 0.0 0.819152295589447 0.0
2.8935320377349854 0.12523484230041504 3.8214900493621826 0.5735760927200317 0.0 0.819152295589447 0.0
2.658608913421631 0.12523484230041504 3.9069952964782715 0.5735760927200317 0.0 0.819152295589447 0.0
2.4236857891082764 0.12523484230041504 3.9925005435943604 0.5735760927200317 0.0 0.819152295589447 0.0
2.188762664794922 0.12523484230041504 4.078005790710449 0.5735760927200317 0.0 0.819152295589447 0.0
1.9538395404815674 0.12523484230041504 4.163511276245117 0.5735760927200317 0.0 0.819152295589447 0.0
1.718916416168213 0.12523484230041504 4.249016761779785 0.5735760927200317 0.0 0.819152295589447 0.0
1.4839932918548584 0.12523484230041504 4.334522247314453 0.5735760927200317 0.0 0.819152295589447 0.0
1.249070167541504 0.12523484230041504 4.420027732849121 0.5735760927200317 0.0 0.819152295589447 0.0
1.0141470432281494 0.12523484230041504 4.505533218383789 0.5735760927200317 0.0 0.819152295589447 0.0
0.7792239785194397 0.12523484230041504 4.591038703918457 0.5735760927200317 0.0 0.819152295589447 0.0
0.7792239785194397 0.12523484230041504 4.591038703918457 0.6427873373031616 0.0 0.7660447359085083 0.0
0.7792239785194397 0.12523484230041504 4.591038703918457 0.7071065306663513 0.0 0.7071071267127991 0.0
0.7792239785194397 0.12523484230041504 4.591038703918457 0.7660441398620605 0.0 0.6427879333496094 0.0
0.7792239785194397 0.12523484230041504 4.591038703918457 0.8191518187522888 0.0 0.5735768675804138 0.0
0.7792239785194397 0.12523484230041504 4.591038703918457 0.8660251498222351 0.0 0.5000004172325134 0.0
0.7792239785194397 0.12523484230041504 4.591038703918457 0.906307578086853 0.0 0.42261871695518494 0.0
0.7792239785194397 0.12523484230041504 4.591038703918457 0.939692497253418 0.0 0.3420206308364868 0.0
0.7792239785194397 0.12523484230041504 4.591038703918457 0.9659257531166077 0.0 0.2588195502758026 0.0
0.7792239785194397 0.12523484230041504 4.591038703918457 0.9848077297210693 0.0 0.17364870011806488 0.0
0.7792239785194397 0.12523484230041504 4.591038703918457 0.9961947202682495 0.0 0.087156280875206 0.0
0.7792239785194397 0.12523484230041504 4.591038703918457 1.0 0.0 5.438923267320206e-07 0.0
0.7792239785194397 0.12523484230041504 4.591038703918457 0.9961947798728943 0.0 -0.08715519309043884 0.0
0.7792239785194397 0.12523484230041504 4.591038703918457 0.9848079085350037 0.0 -0.17364764213562012 0.0
0.7792239785194397 0.12523484230041504 4.591038703918457 0.9659260511398315 0.0 -0.25881850719451904 0.0
0.7792239785194397 0.12523484230041504 4.591038703918457 0.9396927952766418 0.0 -0.34201958775520325 0.0
0.7792239785194397 0.12523484230041504 4.591038703918457 0.9063080549240112 0.0 -0.42261773347854614 0.0
0.7792239785194397 0.12523484230041504 4.591038703918457 0.8660256862640381 0.0 -0.4999994933605194 0.0
0.7792239785194397 0.12523484230041504 4.591038703918457 0.8191524147987366 0.0 -0.573576033115387 0.0
0.7792239785194397 0.12523484230041504 4.591038703918457 0.7660447955131531 0.0 -0.6427872180938721 0.0
0.7792239785194397 0.12523484230041504 4.591038703918457 0.7071071863174438 0.0 -0.7071064114570618 0.0
0.7792239785194397 0.12523484230041504 4.591038703918457 0.6427880525588989 0.0 -0.7660441398620605 0.0
0.7792239785194397 0.12523484230041504 4.591038703918457 0.5735769271850586 0.0 -0.819151759147644 0.0
0.7792239785194397 0.12523484230041504 4.591038703918457 0.5000004768371582 0.0 -0.8660250902175903 0.0
0.7792239785194397 0.12523484230041504 4.591038703918457 0.4226188063621521 0.0 -0.906307578086853 0.0
0.7792239785194397 0.12523484230041504 4.591038703918457 0.3420206904411316 0.0 -0.939692497253418 0.0
0.7792239785194397 0.12523484230041504 4.591038703918457 0.2588196098804474 0.0 -0.9659257531166077 0.0
0.7792239785194397 0.12523484230041504 4.591038703918457 0.17364875972270966 0.0 -0.9848077297210693 0.0
0.7792239785194397 0.12523484230041504 4.591038703918457 0.08715633302927017 0.0 -0.9961946606636047 0.0
0.7792239785194397 0.12523484230041504 4.591038703918457 5.960464477539062e-07 0.0 -1.0 0.0
0.7792239785194397 0.12523484230041504 4.591038703918457 -0.08715514093637466 0.0 -0.9961947798728943 0.0
0.7792239785194397 0.12523484230041504 4.591038703918457 -0.17364758253097534 0.0 -0.9848079085350037 0.0
0.7792239785194397 0.12523484230041504 4.591038703918457 -0.25881844758987427 0.0 -0.9659260511398315 0.0
0.7792239785194397 0.12523484230041504 4.591038703918457 -0.34201955795288086 0.0 -0.9396929144859314 0.0
0.7792239785194397 0.12523484230041504 4.591038703918457 -0.42261767387390137 0.0 -0.9063080549240112 0.0
0.5877130627632141 0.12523484230041504 4.751735687255859 -0.42261767387390137 0.0 -0.9063080549240112 0.0
0.3962021470069885 0.12523484230041504 4.912432670593262 -0.42261767387390137 0.0 -0.9063080549240112 0.0
0.3962021470069885 0.12523484230041504 4.912432670593262 -0.34201952815055847 0.0 -0.9396928548812866 0.0
0.3962021470069885 0.12523484230041504 4.912432670593262 -0.25881844758987427 0.0 -0.9659259915351868 0.0
0.3962021470069885 0.12523484230041504 4.912432670593262 -0.17364758253097534 0.0 -0.9848078489303589 0.0
0.3962021470069885 0.12523484230041504 4.912432670593262 -0.08715514838695526 0.0 -0.9961947798728943 0.0
0.3962021470069885 0.12523484230041504 4.912432670593262 5.885958671569824e-07 0.0 -1.0 0.0
0.3962021470069885 0.12523484230041504 4.912432670593262 0.08715632557868958 0.0 -0.9961946606636047 0.0
0.3962021470069885 0.12523484230041504 4.912432670593262 0.17364874482154846 0.0 -0.9848076701164246 0.0
0.48170745372772217 0.12523484230041504 5.147355556488037 0.17364874482154846 0.0 -0.9848076701164246 0.0
0.5672127604484558 0.12523484230041504 5.3822784423828125 0.17364874482154846 0.0 -0.9848076701164246 0.0
0.6527180671691895 0.12523484230041504 5.617201328277588 0.17364874482154846 0.0 -0.9848076701164246 0.0
0.7382233738899231 0.12523484230041504 5.852124214172363 0.17364874482154846 0.0 -0.9848076701164246 0.0
0.8237286806106567 0.12523484230041504 6.087047100067139 0.17364874482154846 0.0 -0.9848076701164246 0.0
0.8237286806106567 0.12523484230041504 6.087047100067139 0.2588196098804474 0.0 -0.9659256935119629 0.0
0.8237286806106567 0.12523484230041504 6.087047100067139 0.3420206904411316 0.0 -0.9396924376487732 0.0
0.8237286806106567 0.12523484230041504 6.087047100067139 0.4226187765598297 0.0 -0.906307578086853 0.0
0.8237286806106567 0.12523484230041504 6.087047100067139 0.5000004768371582 0.0 -0.8660252094268799 0.0
1.040235161781311 0.12523484230041504 6.212047100067139 0.5000004768371582 0.0 -0.8660252094268799 0.0
1.2567416429519653 0.12523484230041504 6.337047100067139 0.5000004768371582 0.0 -0.8660252094268799 0.0
1.4732481241226196 0.12523484230041504 6.462047100067139 0.5000004768371582 0.0 -0.8660252094268799 0.0
1.4732481241226196 0.12523484230041504 6.462047100067139 0.5735768675804138 0.0 -0.8191516995429993 0.0
1.4732481241226196 0.12523484230041504 6.462047100067139 0.6427880525588989 0.0 -0.7660440802574158 0.0
1.7194501161575317 0.12523484230041504 6.505458831787109 0.6427880525588989 0.0 -0.7660440802574158 0.0
1.9656521081924438 0.12523484230041504 6.54887056350708 0.6427880525588989 0.0 -0.7660440802574158 0.0
2.2118539810180664 0.12523484230041504 6.592282295227051 0.6427880525588989 0.0 -0.7660440802574158 0.0
2.4580559730529785 0.12523484230041504 6.6356940269470215 0.6427880525588989 0.0 -0.7660440802574158 0.0
2.4580559730529785 0.12523484230041504 6.6356940269470215 0.7071071863174438 0.0 -0.7071064114570618 0.0
2.4580559730529785 0.12523484230041504 6.6356940269470215 0.7660448551177979 0.0 -0.6427872180938721 0.0
2.4580559730529785 0.12523484230041504 6.6356940269470215 0.8191524147987366 0.0 -0.573576033115387 0.0
2.4580559730529785 0.12523484230041504 6.6356940269470215 0.8660256266593933 0.0 -0.4999995231628418 0.0
2.4580559730529785 0.12523484230041504 6.6356940269470215 0.9063079953193665 0.0 -0.4226177930831909 0.0
2.4580559730529785 0.12523484230041504 6.6356940269470215 0.9396927952766418 0.0 -0.3420196771621704 0.0
2.4580559730529785 0.12523484230041504 6.6356940269470215 0.9659259915351868 0.0 -0.2588185966014862 0.0
2.4580559730529785 0.12523484230041504 6.6356940269470215 0.9848078489303589 0.0 -0.17364773154258728 0.0
2.4580559730529785 0.12523484230041504 6.6356940269470215 0.9961947798728943 0.0 -0.0871552973985672 0.0
2.4580559730529785 0.12523484230041504 6.6356940269470215 1.0 0.0 4.39584198375087e-07 0.0
2.4580559730529785 0.12523484230041504 6.6356940269470215 0.9961947798728943 0.0 -0.0871552973985672 0.0
2.4580559730529785 0.12523484230041504 6.6356940269470215 0.9848079085350037 0.0 -0.17364773154258728 0.0
2.4580559730529785 0.12523484230041504 6.6356940269470215 0.965925931930542 0.0 -0.2588185966014862 0.0
2.4580559730529785 0.12523484230041504 6.6356940269470215 0.9396927952766418 0.0 -0.3420197069644928 0.0
2.4580559730529785 0.12523484230041504 6.6356940269470215 0.9063079953193665 0.0 -0.4226178526878357 0.0
2.4580559730529785 0.12523484230041504 6.6356940269470215 0.8660256862640381 0.0 -0.49999961256980896 0.0
2.4580559730529785 0.12523484230041504 6.6356940269470215 0.8191523551940918 0.0 -0.5735760927200317 0.0
2.4580559730529785 0.12523484230041504 6.6356940269470215 0.7660447359085083 0.0 -0.6427872776985168 0.0
2.4580559730529785 0.12523484230041504 6.6356940269470215 0.7071071267127991 0.0 -0.7071064710617065 0.0
2.4580559730529785 0.12523484230041504 6.6356940269470215 0.6427879929542542 0.0 -0.7660441994667053 0.0
2.4580559730529785 0.12523484230041504 6.6356940269470215 0.5735768675804138 0.0 -0.8191518187522888 0.0
2.4580559730529785 0.12523484230041504 6.6356940269470215 0.5000004172325134 0.0 -0.8660251498222351 0.0
2.4580559730529785 0.12523484230041504 6.6356940269470215 0.42261871695518494 0.0 -0.906307578086853 0.0
2.4580559730529785 0.12523484230041504 6.6356940269470215 0.3420206308364868 0.0 -0.939692497253418 0.0
2.4580559730529785 0.12523484230041504 6.6356940269470215 0.2588195502758026 0.0 -0.9659257531166077 0.0
2.4580559730529785 0.12523484230041504 6.6356940269470215 0.17364870011806488 0.0 -0.9848077297210693 0.0
2.4580559730529785 0.12523484230041504 6.6356940269470215 0.2588195502758026 0.0 -0.9659256935119629 0.0
2.4580559730529785 0.12523484230041504 6.6356940269470215 0.3420206308364868 0.0 -0.9396924376487732 0.0
2.4580559730529785 0.12523484230041504 6.6356940269470215 0.42261871695518494 0.0 -0.906307578086853 0.0
2.4580559730529785 0.12523484230041504 6.6356940269470215 0.5000004172325134 0.0 -0.8660252094268799 0.0
2.674562454223633 0.12523484230041504 6.7606940269470215 0.5000004172325134 0.0 -0.8660252094268799 0.0
2.891068935394287 0.12523484230041504 6.8856940269470215 0.5000004172325134 0.0 -0.8660252094268799 0.0
3.1075754165649414 0.12523484230041504 7.0106940269470215 0.5000004172325134 0.0 -0.8660252094268799 0.0
3.3240818977355957 0.12523484230041504 7.1356940269470215 0.5000004172325134 0.0 -0.8660252094268799 0.0
3.54058837890625 0.12523484230041504 7.2606940269470215 0.5000004172325134 0.0 -0.8660252094268799 0.0
3.7570948600769043 0.12523484230041504 7.3856940269470215 0.5000004172325134 0.0 -0.8660252094268799 0.0
3.7570948600769043 0.12523484230041504 7.3856940269470215 0.5735768675804138 0.0 -0.8191518187522888 0.0
3.7570948600769043 0.12523484230041504 7.3856940269470215 0.6427879929542542 0.0 -0.7660440802574158 0.0
3.995882272720337 0.12523484230041504 7.443934917449951 0.6427879929542542 0.0 -0.7660440802574158 0.0
4.24208402633667 0.12523484230041504 7.487346649169922 0.6427879929542542 0.0 -0.7660440802574158 0.0
4.488286018371582 0.12523484230041504 7.530758380889893 0.6427879929542542 0.0 -0.7660440802574158 0.0
4.734488010406494 0.12523484230041504 7.574170112609863 0.6427879929542542 0.0 -0.7660440802574158 0.0
4.980690002441406 0.12523484230041504 7.617581844329834 0.6427879929542542 0.0 -0.7660440802574158 0.0
4.980690002441406 0.12523484230041504 7.617581844329834 0.7071071863174438 0.0 -0.7071064710617065 0.0
4.980690002441406 0.12523484230041504 7.617581844329834 0.7660447359085083 0.0 -0.6427872180938721 0.0
4.980690002441406 0.12523484230041504 7.617581844329834 0.819152295589447 0.0 -0.573576033115387 0.0
4.980690002441406 0.12523484230041504 7.617581844329834 0.8660256266593933 0.0 -0.49999961256980896 0.0
4.980690002441406 0.12523484230041504 7.617581844329834 0.9063079953193665 0.0 -0.4226178526878357 0.0
4.980690002441406 0.12523484230041504 7.617581844329834 0.9396927952766418 0.0 -0.3420197367668152 0.0
4.980690002441406 0.12523484230041504 7.617581844329834 0.9659259915351868 0.0 -0.258818656206131 0.0
4.980690002441406 0.12523484230041504 7.617581844329834 0.9848079085350037 0.0 -0.17364779114723206 0.0
4.980690002441406 0.12523484230041504 7.617581844329834 0.9961947202682495 0.0 -0.08715534955263138 0.0
4.980690002441406 0.12523484230041504 7.617581844329834 1.0 0.0 3.7997961044311523e-07 0.0
4.980690002441406 0.12523484230041504 7.617581844329834 0.9961946606636047 0.0 0.08715611696243286 0.0
4.980690002441406 0.12523484230041504 7.617581844329834 0.9848077297210693 0.0 0.17364853620529175 0.0
4.980690002441406 0.12523484230041504 7.617581844329834 0.9659258127212524 0.0 0.2588194012641907 0.0
4.980690002441406 0.12523484230041504 7.617581844329834 0.9396925568580627 0.0 0.34202051162719727 0.0
4.980690002441406 0.12523484230041504 7.617581844329834 0.906307578086853 0.0 0.422618567943573 0.0
4.980690002441406 0.12523484230041504 7.617581844329834 0.8660252690315247 0.0 0.5000003576278687 0.0
4.980690002441406 0.12523484230041504 7.617581844329834 0.8191518783569336 0.0 0.573576807975769 0.0
4.980690002441406 0.12523484230041504 7.617581844329834 0.7660441398620605 0.0 0.6427879333496094 0.0
4.980690002441406 0.12523484230041504 7.617581844329834 0.7071064710617065 0.0 0.7071070671081543 0.0
4.980690002441406 0.12523484230041504 7.617581844329834 0.6427872776985168 0.0 0.7660447359085083 0.0
4.980690002441406 0.12523484230041504 7.617581844329834 0.5735760927200317 0.0 0.819152295589447 0.0
4.980690002441406 0.12523484230041504 7.617581844329834 0.49999967217445374 0.0 0.8660256862640381 0.0
4.980690002441406 0.12523484230041504 7.617581844329834 0.42261791229248047 0.0 0.9063080549240112 0.0
4.980690002441406 0.12523484230041504 7.617581844329834 0.3420197367668152 0.0 0.9396927356719971 0.0
4.980690002441406 0.12523484230041504 7.617581844329834 0.258818656206131 0.0 0.965925931930542 0.0
4.980690002441406 0.12523484230041504 7.617581844329834 0.17364779114723206 0.0 0.9848078489303589 0.0
4.980690002441406 0.12523484230041504 7.617581844329834 0.08715535700321198 0.0 0.9961947798728943 0.0
4.980690002441406 0.12523484230041504 7.617581844329834 -3.799795535996964e-07 0.0 1.0 0.0
4.980690002441406 0.12523484230041504 7.617581844329834 -0.08715611696243286 0.0 0.9961946606636047 0.0
4.980690002441406 0.12523484230041504 7.617581844329834 -0.17364853620529175 0.0 0.9848077297210693 0.0
